Α α. Ast&-
111. 1, 11, 111, 111, 11. 11 1111111111. ruram. 1. 111. ·
et 33. m, 11. 1131. ρ.111,33.
Abel p. 133, 31. Achilles 111. 1, 30. 1, 140. 1111111

111111 virtus p. 111, 11. 111111111111111. 1, 111, 11.
11111 1. 10111. 1111, 11. nmmum, 11.1,110,1.
Aborigines 1. 1⁶³,2 11111111. 11111. 1,111.
Absyrtus 1 p. 11, 11 11. 111. 1,111. non pugn. 1, 111.
Abydenus 3, 313. 3, 303, 30. 1 chit. educ. 3, 63, 0.
11111. 1, 11, 11. 1, 111 natm 1, 111, 11. interf. 1, 111,’
1111111111. 103, 31. 33. natus p. 340, 33. p. 343, 4
11111111 p. 64, 46. 111. up· Lycom· p. 343, 13. eju·
1111 Larentia 1, 30, 10. mors ibid· 30.
Acerba 1, 111, 11 1,.. 1111, 11.
Acesta 1„1³7‚ 10. civim 1111111 11111111 111113, 33, 33.
1, 111, 11. sicil. 1, 111, o. 1111111111,11,11.
Aeeta 1, 131, 33. 3, 133, 34. 1111111111 11 1ο111,3,311133.
Aeeta 1.11,11. 1, 111.
11111 1. e. 111111 1, 303, 31. 1111111111,131.1,304 p. 64, 313,
Athaman 3,13,33. 110. 3, 111. p. 163, 43.
111111 1, 303, 3. 1111111111111. 303, 36.
Achata 111111 111. p. 330, 30. 11111111,303,30.
1111111 11111 11330, 34. 33. Actaeon 1, 304 p. 64, 4. 1, 333, 23.
1111111111. 1, 11, 1. 1, 1,11,11.1, 11111. 111, 11.
181.11·3.101.11.1,111, 11 11111.
33 111. 11343, 30. Acte p. 113, 41.
Achemenidn Ι, 12. 1111111111 p. 131, 29 1130.

17

 

